30
1 1.5 10 9 8 7 6 5 4 3 2 1
2 1.6 10 9 8 7 6 5 4 3 2 1
3 1.7 10 9 8 7 6 5 4 3 2 1
4 1.8 10 9 8 7 6 5 4 3 2 1
5 1.9 10 9 8 7 6 5 4 3 2 1
6 2 10 9 8 7 6 5 4 3 2 1
7 2.1 10 9 8 7 6 5 4 3 2 1
8 2.2 10 9 8 7 6 5 4 3 2 1
9 2.3 10 9 8 7 6 5 4 3 2 1
10 2.4 10 9 8 7 6 5 4 3 2 1
11 2.5 10 9 8 7 6 5 4 3 2 1
12 2.6 10 9 8 7 6 5 4 3 2 1
13 2.7 10 9 8 7 6 5 4 3 2 1
14 2.8 10 9 8 7 6 5 4 3 2 1
15 2.9 10 9 8 7 6 5 4 3 2 1
16 3 10 9 8 7 6 5 4 3 2 1
17 3.1 10 9 8 7 6 5 4 3 2 1
18 3.2 10 9 8 7 6 5 4 3 2 1
19 3.3 10 9 8 7 6 5 4 3 2 1
20 3.4 10 9 8 7 6 5 4 3 2 1
21 3.2 10 9 8 7 6 5 4 3 2 1
22 2.5 10 9 8 7 6 5 4 3 2 1
23 1.3 10 9 8 7 6 5 4 3 2 1
24 1.4 10 9 8 7 6 5 4 3 2 1
25 1.4 10 9 8 7 6 5 4 3 2 1
26 1.4 10 9 8 7 6 5 4 3 2 1
27 1.4 10 9 8 7 6 5 4 3 2 1
28 1.4 10 9 8 7 6 5 4 3 2 1
29 1.4 10 9 8 7 6 5 4 3 2 1
30 3.8 10 9 8 7 6 5 4 3 2 1
